T(1) = 9.606447e-01
T(2) = 4.858652e-01
T(4) = 2.506222e-01
T(8) = 1.402371e-01
T(16) = 1.561720e-01